8.00000    0.00090
7.97324    0.00093
7.94649    0.00095
7.91973    0.00098
7.89298    0.00101
7.86622    0.00104
7.83946    0.00107
7.81271    0.00110
7.78595    0.00114
7.75920    0.00118
7.73244    0.00122
7.70569    0.00126
7.67893    0.00131
7.65217    0.00136
7.62542    0.00142
7.59866    0.00148
7.57191    0.00154
7.54515    0.00166
7.51839    0.00175
7.49164    0.00185
7.46488    0.00197
7.43813    0.00208
7.41137    0.00218
7.38462    0.00227
7.35786    0.00245
7.33110    0.00267
7.30435    0.00310
7.27759    0.00341
7.25084    0.00387
7.22408    0.00436
7.19732    0.00519
7.17057    0.00623
7.14381    0.00744
7.11706    0.00881
7.09030    0.01037
7.06355    0.01233
7.03679    0.01449
7.01003    0.01544
6.98328    0.01764
6.95652    0.01923
6.92977    0.02137
6.90301    0.02304
6.87625    0.02567
6.84950    0.02568
6.82274    0.02582
6.79599    0.02830
6.76923    0.02986
6.74247    0.03439
6.71572    0.03557
6.68896    0.03760
6.66221    0.03787
6.63545    0.04201
6.60870    0.04786
6.58194    0.05341
6.55518    0.05362
6.52843    0.05001
6.50167    0.05985
6.47492    0.05765
6.44816    0.06293
6.42140    0.07981
6.39465    0.09944
6.36789    0.11200
6.34114    0.10597
6.31438    0.09397
6.28763    0.08723
6.26087    0.08486
6.23411    0.08141
6.18060    0.08035
6.15385    0.07639
6.12709    0.07258
6.10033    0.07484
6.07358    0.06538
6.04682    0.06735
6.02007    0.06232
5.99331    0.07007
5.96656    0.07085
5.93980    0.06160
5.91304    0.05844
5.88629    0.06495
5.85953    0.07411
5.83278    0.05882
5.80602    0.05764
5.77926    0.05722
5.75251    0.05709
5.72575    0.06510
5.69900    0.07581
5.67224    0.08165
5.64548    0.05707
5.61873    0.04758
5.59197    0.04512
5.56522    0.04409
5.53846    0.05151
5.51171    0.06557
5.48495    0.07019
5.45819    0.05315
5.43144    0.05040
5.40468    0.05115
5.37793    0.05978
5.35117    0.07077
5.32441    0.09131
5.29766    0.10242
5.27090    0.08266
5.24415    0.05775
5.21739    0.05125
5.19064    0.05039
5.16388    0.05329
5.13712    0.05328
5.11037    0.05950
5.08361    0.06192
5.05686    0.05880
5.03010    0.05130
5.00334    0.05350
4.97659    0.04727
4.94983    0.04774
4.92308    0.05606
4.89632    0.08570
4.86957    0.10861
4.84281    0.11274
4.81605    0.09820
4.78930    0.07924
4.76254    0.06541
4.73579    0.05588
4.70903    0.05462
4.68227    0.06214
4.65552    0.07543
4.62876    0.07947
4.60201    0.06645
4.57525    0.05853
4.54849    0.05845
4.52174    0.06589
4.49498    0.06340
4.46823    0.05744
4.44147    0.05716
4.41472    0.06637
4.38796    0.09033
4.36120    0.12091
4.33445    0.12315
4.30769    0.12185
4.28094    0.10436
4.25418    0.08988
4.22742    0.08475
4.20067    0.07366
4.17391    0.07083
4.14716    0.08080
4.12040    0.10093
4.09365    0.10223
4.06689    0.08306
4.04013    0.06902
4.01338    0.07040
3.98662    0.08117
3.95987    0.08567
3.93311    0.07892
3.90635    0.07638
3.87960    0.08631
3.85284    0.11711
3.82609    0.16010
3.79933    0.17831
3.77258    0.15954
3.74582    0.14363
3.71906    0.12739
3.69231    0.11499
3.66555    0.09698
3.63880    0.09381
3.61204    0.10942
3.58528    0.13239
3.55853    0.13548
3.53177    0.11697
3.50502    0.10190
3.47826    0.10673
3.45151    0.12793
3.42475    0.14197
3.39799    0.14618
3.37124    0.15793
3.34448    0.19008
3.31773    0.20822
3.29097    0.24415
3.26421    0.25552
3.23746    0.22005
3.21070    0.17852
3.18395    0.16674
3.15719    0.18338
3.13043    0.21447
3.10368    0.23525
3.07692    0.24514
3.05017    0.26223
3.02341    0.26359
2.99666    0.25084
2.96990    0.23869
2.94314    0.21071
2.91639    0.17773
2.88963    0.15920
2.86288    0.17589
2.83612    0.22750
2.80936    0.27222
2.78261    0.25528
2.75585    0.19084
2.72910    0.14661
2.70234    0.13837
2.67559    0.15836
2.64883    0.18711
2.62207    0.21037
2.59532    0.20019
2.56856    0.15516
2.54181    0.12873
2.51505    0.13984
2.48829    0.17287
2.46154    0.18903
2.43478    0.17511
2.40803    0.17527
2.38127    0.14707
2.35452    0.09082
2.32776    0.06105
2.30100    0.04285
2.27425    0.03209
2.24749    0.02524
2.22074    0.01999
2.19398    0.01737
2.16722    0.01514
2.14047    0.01283
2.11371    0.01162
2.08696    0.01015
2.06020    0.00897
2.03344    0.00825
2.00669    0.00756
1.97993    0.00697
1.95318    0.00644
1.92642    0.00594
1.89967    0.00560
1.87291    0.00524
1.84615    0.00488
1.81940    0.00459
1.79264    0.00433
1.76589    0.00409
1.73913    0.00389
1.71237    0.00369
1.68562    0.00351
1.65886    0.00334
1.63211    0.00318
1.60535    0.00306
1.57860    0.00293
1.55184    0.00281
1.52508    0.00269
1.49833    0.00258
1.47157    0.00248
1.44482    0.00239
1.41806    0.00230
1.39130    0.00222
1.36455    0.00213
1.33779    0.00204
1.31104    0.00200
1.28428    0.00194
1.25753    0.00187
1.23077    0.00181
1.20401    0.00175
1.17726    0.00168
1.15050    0.00165
1.12375    0.00160
1.09699    0.00156
1.07023    0.00151
1.04348    0.00146
1.01672    0.00141
1.01672    0.00144
0.98997    0.00139
0.96321    0.00135
0.93645    0.00132
0.90970    0.00128
0.88294    0.00123
0.85619    0.00122
0.82943    0.00119
0.80268    0.00116
0.77592    0.00113
0.74916    0.00111
0.72241    0.00107
0.69565    0.00106
0.66890    0.00103
0.64214    0.00101
0.61538    0.00098
0.58863    0.00094
0.56187    0.00095
0.53512    0.00092
0.50836    0.00090
0.48161    0.00088
0.45485    0.00086
0.42809    0.00083
0.40134    0.00083
0.37458    0.00082
0.34783    0.00080
0.32107    0.00078
0.29431    0.00075
0.26756    0.00076
0.24080    0.00074
0.21405    0.00073
0.18729    0.00071
0.16054    0.00069
0.13378    0.00067
0.10702    0.00067
0.08027    0.00066
0.05351    0.00065
0.02676    0.00064
0.00000    0.00061
